1.000000e-02 1.650000e-02 1.840000e-16
11(2.500000e-16)
79(2.500000e-16)
61(2.500000e-16)
(6.000000e+00 6.000000e+00)
(8.000000e+00 4.000000e+00)
49(2.500000e-16)
(6.000000e+00 4.000000e+00)
28(2.500000e-16)
99(2.500000e-16)
(6.000000e+00 7.000000e+00)
(3.000000e+00 5.000000e+00)
83(2.500000e-16)
(8.000000e+00 3.000000e+00)
8(2.500000e-16)
(9.000000e+00 2.000000e+00)
37(2.500000e-16)
12(2.500000e-16)
(1.000000e+00 8.000000e+00)
41(2.500000e-16)
78(2.500000e-16)
(6.000000e+00 5.000000e+00)
(4.000000e+00 8.000000e+00)
(3.000000e+00 2.000000e+00)
43(2.500000e-16)
97(2.500000e-16)
39(2.500000e-16)
(9.000000e+00 5.000000e+00)
(8.000000e+00 1.000000e+01)
(5.000000e+00 1.000000e+01)
96(2.500000e-16)
(2.000000e+00 5.000000e+00)
71(2.500000e-16)
(4.000000e+00 1.000000e+00)
52(2.500000e-16)
65(2.500000e-16)
16(2.500000e-16)
(5.000000e+00 8.000000e+00)
10(2.500000e-16)
(1.000000e+01 4.000000e+00)
(8.000000e+00 9.000000e+00)
9(2.500000e-16)
(4.000000e+00 9.000000e+00)
5(2.500000e-16)
(2.000000e+00 4.000000e+00)
(5.000000e+00 2.000000e+00)
54(2.500000e-16)
4(2.500000e-16)
(9.000000e+00 4.000000e+00)
(6.000000e+00 8.000000e+00)
64(2.500000e-16)
47(2.500000e-16)
(8.000000e+00 2.000000e+00)
3(2.500000e-16)
93(2.500000e-16)
(3.000000e+00 2.000000e+00)
(8.000000e+00 4.000000e+00)
34(2.500000e-16)
(8.000000e+00 5.000000e+00)
72(2.500000e-16)
(9.000000e+00 3.000000e+00)
(2.000000e+00 9.000000e+00)
33(2.500000e-16)
(7.000000e+00 8.000000e+00)
45(2.500000e-16)
51(2.500000e-16)
(1.000000e+00 6.000000e+00)
(8.000000e+00 9.000000e+00)
91(2.500000e-16)
(7.000000e+00 1.000000e+01)
1(2.500000e-16)
27(2.500000e-16)
(7.000000e+00 7.000000e+00)
69(2.500000e-16)
(2.000000e+00 8.000000e+00)
(8.000000e+00 4.000000e+00)
40(2.500000e-16)
(6.000000e+00 6.000000e+00)
22(2.500000e-16)
14(2.500000e-16)
(8.000000e+00 2.000000e+00)
74(2.500000e-16)
(2.000000e+00 1.000000e+00)
87(2.500000e-16)
(4.000000e+00 8.000000e+00)
75(2.500000e-16)
(3.000000e+00 9.000000e+00)
(8.000000e+00 7.000000e+00)
7(2.500000e-16)
21(2.500000e-16)
88(2.500000e-16)
58(2.500000e-16)
(1.000000e+00 9.000000e+00)
(2.000000e+00 3.000000e+00)
(8.000000e+00 9.000000e+00)
31(2.500000e-16)
(2.000000e+00 2.000000e+00)
(1.000000e+01 7.000000e+00)
84(2.500000e-16)
(1.000000e+01 7.000000e+00)
80(2.500000e-16)
(1.000000e+01 4.000000e+00)
48(2.500000e-16)
(8.000000e+00 1.000000e+01)
85(2.500000e-16)
90(2.500000e-16)
(7.000000e+00 8.000000e+00)
59(2.500000e-16)
(1.000000e+00 4.000000e+00)
(8.000000e+00 1.000000e+01)
95(2.500000e-16)
(9.000000e+00 8.000000e+00)
17(2.500000e-16)
(8.000000e+00 9.000000e+00)
25(2.500000e-16)
(6.000000e+00 1.000000e+00)
15(2.500000e-16)
(1.000000e+01 5.000000e+00)
57(2.500000e-16)
(6.000000e+00 2.000000e+00)
81(2.500000e-16)
(1.000000e+01 3.000000e+00)
20(2.500000e-16)
(5.000000e+00 1.000000e+00)
18(2.500000e-16)
(2.000000e+00 6.000000e+00)
24(2.500000e-16)
68(2.500000e-16)
55(2.500000e-16)
19(2.500000e-16)
(3.000000e+00 2.000000e+00)
62(2.500000e-16)
(1.000000e+01 5.000000e+00)
(5.000000e+00 6.000000e+00)
(1.000000e+01 6.000000e+00)
23(2.500000e-16)
(3.000000e+00 1.000000e+00)
36(2.500000e-16)
(5.000000e+00 9.000000e+00)
60(2.500000e-16)
(2.000000e+00 7.000000e+00)
(4.000000e+00 2.000000e+00)
89(2.500000e-16)
38(2.500000e-16)
(3.000000e+00 8.000000e+00)
(8.000000e+00 1.000000e+01)
56(2.500000e-16)
13(2.500000e-16)
(8.000000e+00 6.000000e+00)
(2.000000e+00 5.000000e+00)
92(2.500000e-16)
(5.000000e+00 8.000000e+00)
26(2.500000e-16)
63(2.500000e-16)
53(2.500000e-16)
(5.000000e+00 1.000000e+00)
35(2.500000e-16)
29(2.500000e-16)
(8.000000e+00 4.000000e+00)
(5.000000e+00 1.000000e+01)
(7.000000e+00 4.000000e+00)
6(2.500000e-16)
(1.000000e+00 7.000000e+00)
(3.000000e+00 4.000000e+00)
76(2.500000e-16)
82(2.500000e-16)
(2.000000e+00 9.000000e+00)
(1.000000e+01 9.000000e+00)
77(2.500000e-16)
70(2.500000e-16)
30(2.500000e-16)
(7.000000e+00 7.000000e+00)
66(2.500000e-16)
32(2.500000e-16)
(2.000000e+00 8.000000e+00)
46(2.500000e-16)
(4.000000e+00 6.000000e+00)
(2.000000e+00 1.000000e+00)
44(2.500000e-16)
(4.000000e+00 4.000000e+00)
(4.000000e+00 4.000000e+00)
(1.000000e+01 1.000000e+01)
67(2.500000e-16)
(4.000000e+00 1.000000e+00)
100(2.500000e-16)
42(2.500000e-16)
98(2.500000e-16)
(1.000000e+01 1.000000e+00)
(2.000000e+00 2.000000e+00)
50(2.500000e-16)
(6.000000e+00 4.000000e+00)
94(2.500000e-16)
73(2.500000e-16)
(1.000000e+01 5.000000e+00)
86(2.500000e-16)
2(2.500000e-16)
(7.000000e+00 4.000000e+00)
(9.000000e+00 2.000000e+00)
(9.000000e+00 8.000000e+00)
(3.000000e+00 8.000000e+00)
