1.000000e-02 1.650000e-02 1.840000e-16
977(2.500000e-16)
848(2.500000e-16)
(2.000000e+00 3.000000e+00)
231(2.500000e-16)
590(2.500000e-16)
(4.000000e+00 5.000000e+00)
921(2.500000e-16)
(4.000000e+00 8.000000e+00)
(6.000000e+00 4.000000e+00)
41(2.500000e-16)
(5.000000e+00 4.000000e+00)
404(2.500000e-16)
367(2.500000e-16)
(2.000000e+00 5.000000e+00)
(4.000000e+00 9.000000e+00)
346(2.500000e-16)
67(2.500000e-16)
(6.000000e+00 3.000000e+00)
375(2.500000e-16)
(4.000000e+00 2.000000e+00)
390(2.500000e-16)
(8.000000e+00 4.000000e+00)
242(2.500000e-16)
(6.000000e+00 2.000000e+00)
(1.000000e+01 1.000000e+00)
190(2.500000e-16)
159(2.500000e-16)
(5.000000e+00 9.000000e+00)
689(2.500000e-16)
(3.000000e+00 9.000000e+00)
(5.000000e+00 2.000000e+00)
128(2.500000e-16)
909(2.500000e-16)
165(2.500000e-16)
(8.000000e+00 6.000000e+00)
(7.000000e+00 7.000000e+00)
(6.000000e+00 1.000000e+00)
133(2.500000e-16)
(7.000000e+00 6.000000e+00)
513(2.500000e-16)
(1.000000e+01 6.000000e+00)
373(2.500000e-16)
482(2.500000e-16)
(5.000000e+00 7.000000e+00)
780(2.500000e-16)
(8.000000e+00 6.000000e+00)
535(2.500000e-16)
(6.000000e+00 8.000000e+00)
640(2.500000e-16)
(3.000000e+00 1.000000e+00)
546(2.500000e-16)
(2.000000e+00 9.000000e+00)
(3.000000e+00 4.000000e+00)
378(2.500000e-16)
(1.000000e+00 1.000000e+00)
658(2.500000e-16)
(5.000000e+00 6.000000e+00)
146(2.500000e-16)
(2.000000e+00 6.000000e+00)
537(2.500000e-16)
22(2.500000e-16)
(1.000000e+00 8.000000e+00)
(6.000000e+00 8.000000e+00)
130(2.500000e-16)
327(2.500000e-16)
(1.000000e+00 7.000000e+00)
(2.000000e+00 4.000000e+00)
769(2.500000e-16)
(4.000000e+00 2.000000e+00)
764(2.500000e-16)
292(2.500000e-16)
(5.000000e+00 7.000000e+00)
862(2.500000e-16)
(9.000000e+00 3.000000e+00)
(1.000000e+00 7.000000e+00)
65(2.500000e-16)
807(2.500000e-16)
665(2.500000e-16)
(5.000000e+00 6.000000e+00)
765(2.500000e-16)
833(2.500000e-16)
(5.000000e+00 4.000000e+00)
(2.000000e+00 6.000000e+00)
(9.000000e+00 5.000000e+00)
(1.000000e+00 2.000000e+00)
599(2.500000e-16)
934(2.500000e-16)
989(2.500000e-16)
(1.000000e+01 7.000000e+00)
542(2.500000e-16)
(3.000000e+00 1.000000e+01)
(3.000000e+00 4.000000e+00)
574(2.500000e-16)
(2.000000e+00 1.000000e+01)
518(2.500000e-16)
627(2.500000e-16)
(9.000000e+00 2.000000e+00)
819(2.500000e-16)
974(2.500000e-16)
(8.000000e+00 2.000000e+00)
(8.000000e+00 4.000000e+00)
(7.000000e+00 6.000000e+00)
3(2.500000e-16)
476(2.500000e-16)
768(2.500000e-16)
(2.000000e+00 6.000000e+00)
(1.000000e+00 4.000000e+00)
100(2.500000e-16)
(4.000000e+00 8.000000e+00)
141(2.500000e-16)
868(2.500000e-16)
(7.000000e+00 1.000000e+01)
745(2.500000e-16)
(1.000000e+00 5.000000e+00)
(4.000000e+00 4.000000e+00)
(1.000000e+00 5.000000e+00)
937(2.500000e-16)
(1.000000e+00 7.000000e+00)
(7.000000e+00 1.000000e+01)
443(2.500000e-16)
37(2.500000e-16)
(4.000000e+00 7.000000e+00)
(4.000000e+00 9.000000e+00)
434(2.500000e-16)
522(2.500000e-16)
(9.000000e+00 2.000000e+00)
(1.000000e+01 6.000000e+00)
648(2.500000e-16)
143(2.500000e-16)
(9.000000e+00 7.000000e+00)
(4.000000e+00 5.000000e+00)
670(2.500000e-16)
663(2.500000e-16)
356(2.500000e-16)
(9.000000e+00 5.000000e+00)
979(2.500000e-16)
257(2.500000e-16)
(3.000000e+00 1.000000e+00)
(2.000000e+00 2.000000e+00)
(2.000000e+00 9.000000e+00)
753(2.500000e-16)
(3.000000e+00 2.000000e+00)
596(2.500000e-16)
(7.000000e+00 3.000000e+00)
(7.000000e+00 2.000000e+00)
311(2.500000e-16)
(7.000000e+00 1.000000e+01)
747(2.500000e-16)
(1.000000e+00 1.000000e+00)
163(2.500000e-16)
723(2.500000e-16)
201(2.500000e-16)
(1.000000e+01 5.000000e+00)
(1.000000e+00 1.000000e+00)
(9.000000e+00 8.000000e+00)
834(2.500000e-16)
32(2.500000e-16)
519(2.500000e-16)
340(2.500000e-16)
(5.000000e+00 9.000000e+00)
573(2.500000e-16)
(1.000000e+00 1.000000e+00)
203(2.500000e-16)
(7.000000e+00 4.000000e+00)
(8.000000e+00 1.000000e+01)
(5.000000e+00 9.000000e+00)
(9.000000e+00 9.000000e+00)
954(2.500000e-16)
248(2.500000e-16)
(1.000000e+00 1.000000e+01)
781(2.500000e-16)
(9.000000e+00 8.000000e+00)
(1.000000e+01 8.000000e+00)
61(2.500000e-16)
(8.000000e+00 9.000000e+00)
678(2.500000e-16)
(6.000000e+00 9.000000e+00)
582(2.500000e-16)
(6.000000e+00 7.000000e+00)
972(2.500000e-16)
(9.000000e+00 8.000000e+00)
897(2.500000e-16)
(9.000000e+00 8.000000e+00)
985(2.500000e-16)
(7.000000e+00 8.000000e+00)
273(2.500000e-16)
43(2.500000e-16)
714(2.500000e-16)
(4.000000e+00 7.000000e+00)
(5.000000e+00 5.000000e+00)
145(2.500000e-16)
117(2.500000e-16)
(2.000000e+00 8.000000e+00)
(1.000000e+01 6.000000e+00)
625(2.500000e-16)
363(2.500000e-16)
(7.000000e+00 4.000000e+00)
959(2.500000e-16)
(9.000000e+00 6.000000e+00)
(5.000000e+00 1.000000e+01)
(6.000000e+00 2.000000e+00)
113(2.500000e-16)
82(2.500000e-16)
(9.000000e+00 1.000000e+00)
319(2.500000e-16)
348(2.500000e-16)
(8.000000e+00 4.000000e+00)
91(2.500000e-16)
(3.000000e+00 4.000000e+00)
(8.000000e+00 1.000000e+01)
699(2.500000e-16)
(1.000000e+01 1.000000e+00)
182(2.500000e-16)
(6.000000e+00 1.000000e+01)
(1.000000e+01 4.000000e+00)
988(2.500000e-16)
(9.000000e+00 5.000000e+00)
389(2.500000e-16)
(6.000000e+00 6.000000e+00)
473(2.500000e-16)
(4.000000e+00 7.000000e+00)
721(2.500000e-16)
642(2.500000e-16)
674(2.500000e-16)
(9.000000e+00 4.000000e+00)
760(2.500000e-16)
164(2.500000e-16)
795(2.500000e-16)
(4.000000e+00 5.000000e+00)
771(2.500000e-16)
(7.000000e+00 9.000000e+00)
(3.000000e+00 7.000000e+00)
(7.000000e+00 5.000000e+00)
(1.000000e+01 2.000000e+00)
433(2.500000e-16)
(6.000000e+00 1.000000e+01)
918(2.500000e-16)
(7.000000e+00 1.000000e+00)
(2.000000e+00 4.000000e+00)
108(2.500000e-16)
98(2.500000e-16)
(1.000000e+01 6.000000e+00)
606(2.500000e-16)
(2.000000e+00 8.000000e+00)
(3.000000e+00 3.000000e+00)
266(2.500000e-16)
790(2.500000e-16)
483(2.500000e-16)
(3.000000e+00 4.000000e+00)
331(2.500000e-16)
(6.000000e+00 1.000000e+01)
(3.000000e+00 9.000000e+00)
697(2.500000e-16)
873(2.500000e-16)
491(2.500000e-16)
(8.000000e+00 1.000000e+01)
(9.000000e+00 9.000000e+00)
794(2.500000e-16)
(5.000000e+00 7.000000e+00)
(7.000000e+00 1.000000e+00)
(1.000000e+01 6.000000e+00)
436(2.500000e-16)
(4.000000e+00 8.000000e+00)
871(2.500000e-16)
(4.000000e+00 2.000000e+00)
120(2.500000e-16)
(7.000000e+00 8.000000e+00)
609(2.500000e-16)
(6.000000e+00 7.000000e+00)
401(2.500000e-16)
755(2.500000e-16)
(5.000000e+00 6.000000e+00)
(5.000000e+00 2.000000e+00)
40(2.500000e-16)
(4.000000e+00 6.000000e+00)
383(2.500000e-16)
696(2.500000e-16)
(8.000000e+00 6.000000e+00)
380(2.500000e-16)
(1.000000e+01 8.000000e+00)
391(2.500000e-16)
(4.000000e+00 4.000000e+00)
861(2.500000e-16)
195(2.500000e-16)
10(2.500000e-16)
(6.000000e+00 4.000000e+00)
72(2.500000e-16)
(8.000000e+00 9.000000e+00)
(1.000000e+01 3.000000e+00)
(8.000000e+00 3.000000e+00)
125(2.500000e-16)
543(2.500000e-16)
(1.000000e+00 9.000000e+00)
(1.000000e+00 2.000000e+00)
127(2.500000e-16)
947(2.500000e-16)
(7.000000e+00 8.000000e+00)
(5.000000e+00 6.000000e+00)
(1.000000e+01 5.000000e+00)
682(2.500000e-16)
73(2.500000e-16)
(9.000000e+00 3.000000e+00)
754(2.500000e-16)
936(2.500000e-16)
734(2.500000e-16)
(1.000000e+01 8.000000e+00)
(7.000000e+00 3.000000e+00)
(5.000000e+00 9.000000e+00)
825(2.500000e-16)
(5.000000e+00 3.000000e+00)
(8.000000e+00 3.000000e+00)
480(2.500000e-16)
676(2.500000e-16)
451(2.500000e-16)
(7.000000e+00 6.000000e+00)
(2.000000e+00 9.000000e+00)
(9.000000e+00 9.000000e+00)
930(2.500000e-16)
655(2.500000e-16)
(8.000000e+00 4.000000e+00)
187(2.500000e-16)
(1.000000e+01 9.000000e+00)
(1.000000e+00 1.000000e+01)
841(2.500000e-16)
(9.000000e+00 5.000000e+00)
643(2.500000e-16)
(5.000000e+00 7.000000e+00)
924(2.500000e-16)
568(2.500000e-16)
(1.000000e+00 2.000000e+00)
420(2.500000e-16)
(1.000000e+01 1.000000e+00)
704(2.500000e-16)
964(2.500000e-16)
949(2.500000e-16)
(5.000000e+00 8.000000e+00)
816(2.500000e-16)
(6.000000e+00 7.000000e+00)
(1.000000e+00 3.000000e+00)
(5.000000e+00 4.000000e+00)
(1.000000e+01 9.000000e+00)
620(2.500000e-16)
(9.000000e+00 2.000000e+00)
506(2.500000e-16)
870(2.500000e-16)
(7.000000e+00 3.000000e+00)
(2.000000e+00 1.000000e+01)
741(2.500000e-16)
(4.000000e+00 7.000000e+00)
832(2.500000e-16)
(7.000000e+00 6.000000e+00)
149(2.500000e-16)
96(2.500000e-16)
709(2.500000e-16)
(1.000000e+01 3.000000e+00)
(4.000000e+00 2.000000e+00)
(1.000000e+00 9.000000e+00)
17(2.500000e-16)
(1.000000e+00 9.000000e+00)
821(2.500000e-16)
575(2.500000e-16)
(4.000000e+00 8.000000e+00)
467(2.500000e-16)
(7.000000e+00 7.000000e+00)
(6.000000e+00 3.000000e+00)
797(2.500000e-16)
843(2.500000e-16)
(7.000000e+00 1.000000e+01)
524(2.500000e-16)
(7.000000e+00 7.000000e+00)
967(2.500000e-16)
410(2.500000e-16)
(3.000000e+00 2.000000e+00)
5(2.500000e-16)
(7.000000e+00 1.000000e+01)
872(2.500000e-16)
(4.000000e+00 8.000000e+00)
(1.000000e+00 4.000000e+00)
(5.000000e+00 1.000000e+01)
530(2.500000e-16)
(4.000000e+00 4.000000e+00)
33(2.500000e-16)
440(2.500000e-16)
(8.000000e+00 1.000000e+01)
649(2.500000e-16)
(5.000000e+00 9.000000e+00)
226(2.500000e-16)
495(2.500000e-16)
(7.000000e+00 8.000000e+00)
(2.000000e+00 8.000000e+00)
820(2.500000e-16)
(4.000000e+00 5.000000e+00)
(9.000000e+00 1.000000e+00)
540(2.500000e-16)
(7.000000e+00 9.000000e+00)
488(2.500000e-16)
(1.000000e+00 5.000000e+00)
756(2.500000e-16)
2(2.500000e-16)
(9.000000e+00 6.000000e+00)
994(2.500000e-16)
635(2.500000e-16)
(5.000000e+00 1.000000e+00)
987(2.500000e-16)
724(2.500000e-16)
(6.000000e+00 6.000000e+00)
(2.000000e+00 4.000000e+00)
(6.000000e+00 3.000000e+00)
(7.000000e+00 3.000000e+00)
585(2.500000e-16)
224(2.500000e-16)
(1.000000e+01 9.000000e+00)
499(2.500000e-16)
(7.000000e+00 5.000000e+00)
423(2.500000e-16)
169(2.500000e-16)
(8.000000e+00 9.000000e+00)
(2.000000e+00 4.000000e+00)
316(2.500000e-16)
(7.000000e+00 9.000000e+00)
651(2.500000e-16)
(5.000000e+00 2.000000e+00)
(1.000000e+01 8.000000e+00)
11(2.500000e-16)
360(2.500000e-16)
(1.000000e+01 1.000000e+01)
254(2.500000e-16)
(2.000000e+00 3.000000e+00)
955(2.500000e-16)
(7.000000e+00 5.000000e+00)
415(2.500000e-16)
(7.000000e+00 5.000000e+00)
628(2.500000e-16)
(6.000000e+00 1.000000e+00)
738(2.500000e-16)
908(2.500000e-16)
27(2.500000e-16)
(1.000000e+01 1.000000e+01)
(1.000000e+00 5.000000e+00)
859(2.500000e-16)
(7.000000e+00 7.000000e+00)
890(2.500000e-16)
(1.000000e+00 2.000000e+00)
(5.000000e+00 7.000000e+00)
(6.000000e+00 6.000000e+00)
286(2.500000e-16)
652(2.500000e-16)
(7.000000e+00 3.000000e+00)
456(2.500000e-16)
(1.000000e+00 4.000000e+00)
103(2.500000e-16)
(8.000000e+00 4.000000e+00)
56(2.500000e-16)
971(2.500000e-16)
(9.000000e+00 8.000000e+00)
919(2.500000e-16)
(1.000000e+01 1.000000e+01)
(5.000000e+00 6.000000e+00)
(1.000000e+01 2.000000e+00)
789(2.500000e-16)
116(2.500000e-16)
(2.000000e+00 2.000000e+00)
813(2.500000e-16)
493(2.500000e-16)
(6.000000e+00 5.000000e+00)
233(2.500000e-16)
(5.000000e+00 8.000000e+00)
(4.000000e+00 4.000000e+00)
761(2.500000e-16)
(2.000000e+00 1.000000e+00)
927(2.500000e-16)
(8.000000e+00 4.000000e+00)
956(2.500000e-16)
(1.000000e+00 6.000000e+00)
332(2.500000e-16)
(7.000000e+00 5.000000e+00)
234(2.500000e-16)
763(2.500000e-16)
(9.000000e+00 3.000000e+00)
(9.000000e+00 5.000000e+00)
(2.000000e+00 9.000000e+00)
895(2.500000e-16)
(6.000000e+00 1.000000e+00)
351(2.500000e-16)
397(2.500000e-16)
(1.000000e+01 2.000000e+00)
462(2.500000e-16)
(1.000000e+01 4.000000e+00)
603(2.500000e-16)
(7.000000e+00 9.000000e+00)
(5.000000e+00 3.000000e+00)
354(2.500000e-16)
940(2.500000e-16)
(1.000000e+00 8.000000e+00)
398(2.500000e-16)
(6.000000e+00 1.000000e+01)
(7.000000e+00 3.000000e+00)
157(2.500000e-16)
94(2.500000e-16)
691(2.500000e-16)
(7.000000e+00 1.000000e+01)
(2.000000e+00 2.000000e+00)
(8.000000e+00 3.000000e+00)
413(2.500000e-16)
(7.000000e+00 4.000000e+00)
21(2.500000e-16)
(7.000000e+00 8.000000e+00)
901(2.500000e-16)
881(2.500000e-16)
(9.000000e+00 6.000000e+00)
(2.000000e+00 6.000000e+00)
86(2.500000e-16)
48(2.500000e-16)
193(2.500000e-16)
388(2.500000e-16)
(5.000000e+00 8.000000e+00)
(5.000000e+00 9.000000e+00)
(2.000000e+00 6.000000e+00)
(4.000000e+00 1.000000e+01)
802(2.500000e-16)
946(2.500000e-16)
(7.000000e+00 1.000000e+01)
(8.000000e+00 1.000000e+00)
424(2.500000e-16)
615(2.500000e-16)
(4.000000e+00 8.000000e+00)
(8.000000e+00 5.000000e+00)
538(2.500000e-16)
99(2.500000e-16)
(1.000000e+00 8.000000e+00)
(7.000000e+00 7.000000e+00)
191(2.500000e-16)
479(2.500000e-16)
119(2.500000e-16)
736(2.500000e-16)
(6.000000e+00 6.000000e+00)
(1.000000e+01 4.000000e+00)
(8.000000e+00 9.000000e+00)
712(2.500000e-16)
(4.000000e+00 3.000000e+00)
(2.000000e+00 1.000000e+00)
199(2.500000e-16)
371(2.500000e-16)
298(2.500000e-16)
13(2.500000e-16)
(9.000000e+00 6.000000e+00)
(5.000000e+00 4.000000e+00)
(9.000000e+00 1.000000e+00)
550(2.500000e-16)
969(2.500000e-16)
(3.000000e+00 7.000000e+00)
(4.000000e+00 1.000000e+01)
504(2.500000e-16)
828(2.500000e-16)
902(2.500000e-16)
(8.000000e+00 8.000000e+00)
(3.000000e+00 3.000000e+00)
775(2.500000e-16)
536(2.500000e-16)
(9.000000e+00 9.000000e+00)
(3.000000e+00 2.000000e+00)
(9.000000e+00 5.000000e+00)
153(2.500000e-16)
(5.000000e+00 9.000000e+00)
(6.000000e+00 8.000000e+00)
453(2.500000e-16)
271(2.500000e-16)
(6.000000e+00 8.000000e+00)
733(2.500000e-16)
787(2.500000e-16)
(4.000000e+00 6.000000e+00)
350(2.500000e-16)
683(2.500000e-16)
(2.000000e+00 4.000000e+00)
(1.000000e+01 2.000000e+00)
509(2.500000e-16)
151(2.500000e-16)
(1.000000e+01 8.000000e+00)
(4.000000e+00 4.000000e+00)
(5.000000e+00 9.000000e+00)
265(2.500000e-16)
(6.000000e+00 8.000000e+00)
(7.000000e+00 8.000000e+00)
855(2.500000e-16)
(5.000000e+00 7.000000e+00)
581(2.500000e-16)
(6.000000e+00 4.000000e+00)
52(2.500000e-16)
516(2.500000e-16)
83(2.500000e-16)
(5.000000e+00 5.000000e+00)
(6.000000e+00 9.000000e+00)
(2.000000e+00 5.000000e+00)
355(2.500000e-16)
718(2.500000e-16)
38(2.500000e-16)
(9.000000e+00 9.000000e+00)
(5.000000e+00 3.000000e+00)
(2.000000e+00 8.000000e+00)
963(2.500000e-16)
(7.000000e+00 9.000000e+00)
345(2.500000e-16)
850(2.500000e-16)
505(2.500000e-16)
(3.000000e+00 6.000000e+00)
(5.000000e+00 4.000000e+00)
(5.000000e+00 7.000000e+00)
305(2.500000e-16)
(2.000000e+00 8.000000e+00)
552(2.500000e-16)
(6.000000e+00 6.000000e+00)
558(2.500000e-16)
818(2.500000e-16)
681(2.500000e-16)
(2.000000e+00 7.000000e+00)
(7.000000e+00 9.000000e+00)
189(2.500000e-16)
(1.000000e+01 8.000000e+00)
272(2.500000e-16)
(6.000000e+00 1.000000e+01)
(6.000000e+00 9.000000e+00)
76(2.500000e-16)
(6.000000e+00 4.000000e+00)
246(2.500000e-16)
(4.000000e+00 4.000000e+00)
782(2.500000e-16)
(4.000000e+00 1.000000e+00)
512(2.500000e-16)
18(2.500000e-16)
725(2.500000e-16)
(1.000000e+01 3.000000e+00)
610(2.500000e-16)
(8.000000e+00 1.000000e+01)
(5.000000e+00 6.000000e+00)
557(2.500000e-16)
(2.000000e+00 3.000000e+00)
(7.000000e+00 2.000000e+00)
864(2.500000e-16)
(5.000000e+00 1.000000e+00)
630(2.500000e-16)
805(2.500000e-16)
465(2.500000e-16)
(6.000000e+00 4.000000e+00)
238(2.500000e-16)
548(2.500000e-16)
(7.000000e+00 8.000000e+00)
(8.000000e+00 1.000000e+00)
(4.000000e+00 2.000000e+00)
(1.000000e+00 1.000000e+00)
220(2.500000e-16)
25(2.500000e-16)
(3.000000e+00 8.000000e+00)
842(2.500000e-16)
(1.000000e+00 5.000000e+00)
228(2.500000e-16)
121(2.500000e-16)
(1.000000e+01 6.000000e+00)
(1.000000e+01 6.000000e+00)
(2.000000e+00 4.000000e+00)
34(2.500000e-16)
(3.000000e+00 3.000000e+00)
475(2.500000e-16)
(1.000000e+01 6.000000e+00)
255(2.500000e-16)
(4.000000e+00 7.000000e+00)
23(2.500000e-16)
(7.000000e+00 9.000000e+00)
79(2.500000e-16)
(1.000000e+00 5.000000e+00)
140(2.500000e-16)
(2.000000e+00 3.000000e+00)
186(2.500000e-16)
632(2.500000e-16)
(7.000000e+00 3.000000e+00)
(6.000000e+00 8.000000e+00)
19(2.500000e-16)
822(2.500000e-16)
(2.000000e+00 8.000000e+00)
650(2.500000e-16)
(7.000000e+00 1.000000e+01)
555(2.500000e-16)
800(2.500000e-16)
(3.000000e+00 7.000000e+00)
(7.000000e+00 4.000000e+00)
586(2.500000e-16)
(7.000000e+00 1.000000e+01)
(1.000000e+00 4.000000e+00)
463(2.500000e-16)
275(2.500000e-16)
(3.000000e+00 5.000000e+00)
107(2.500000e-16)
(2.000000e+00 1.000000e+00)
(4.000000e+00 7.000000e+00)
115(2.500000e-16)
539(2.500000e-16)
693(2.500000e-16)
230(2.500000e-16)
(4.000000e+00 6.000000e+00)
(8.000000e+00 1.000000e+00)
204(2.500000e-16)
(8.000000e+00 7.000000e+00)
(6.000000e+00 7.000000e+00)
(6.000000e+00 6.000000e+00)
730(2.500000e-16)
(9.000000e+00 4.000000e+00)
973(2.500000e-16)
(3.000000e+00 4.000000e+00)
865(2.500000e-16)
(6.000000e+00 1.000000e+00)
53(2.500000e-16)
(2.000000e+00 4.000000e+00)
744(2.500000e-16)
(9.000000e+00 4.000000e+00)
879(2.500000e-16)
(8.000000e+00 1.000000e+00)
364(2.500000e-16)
208(2.500000e-16)
(1.000000e+01 8.000000e+00)
981(2.500000e-16)
(9.000000e+00 6.000000e+00)
565(2.500000e-16)
(8.000000e+00 8.000000e+00)
(9.000000e+00 5.000000e+00)
342(2.500000e-16)
(7.000000e+00 2.000000e+00)
534(2.500000e-16)
258(2.500000e-16)
(8.000000e+00 8.000000e+00)
(7.000000e+00 6.000000e+00)
44(2.500000e-16)
(9.000000e+00 8.000000e+00)
644(2.500000e-16)
(8.000000e+00 7.000000e+00)
664(2.500000e-16)
(2.000000e+00 1.000000e+00)
708(2.500000e-16)
(8.000000e+00 1.000000e+00)
978(2.500000e-16)
106(2.500000e-16)
(9.000000e+00 3.000000e+00)
(6.000000e+00 8.000000e+00)
379(2.500000e-16)
261(2.500000e-16)
(6.000000e+00 7.000000e+00)
751(2.500000e-16)
(9.000000e+00 1.000000e+00)
(1.000000e+01 1.000000e+01)
507(2.500000e-16)
(6.000000e+00 1.000000e+00)
92(2.500000e-16)
461(2.500000e-16)
(3.000000e+00 2.000000e+00)
544(2.500000e-16)
(3.000000e+00 7.000000e+00)
523(2.500000e-16)
(1.000000e+00 3.000000e+00)
570(2.500000e-16)
531(2.500000e-16)
(6.000000e+00 3.000000e+00)
(6.000000e+00 5.000000e+00)
36(2.500000e-16)
(8.000000e+00 5.000000e+00)
129(2.500000e-16)
(1.000000e+01 7.000000e+00)
852(2.500000e-16)
(7.000000e+00 6.000000e+00)
(1.000000e+01 5.000000e+00)
147(2.500000e-16)
992(2.500000e-16)
(9.000000e+00 7.000000e+00)
170(2.500000e-16)
(5.000000e+00 9.000000e+00)
853(2.500000e-16)
(2.000000e+00 6.000000e+00)
490(2.500000e-16)
(3.000000e+00 5.000000e+00)
471(2.500000e-16)
975(2.500000e-16)
(6.000000e+00 1.000000e+00)
(5.000000e+00 1.000000e+01)
694(2.500000e-16)
777(2.500000e-16)
(8.000000e+00 6.000000e+00)
(3.000000e+00 8.000000e+00)
484(2.500000e-16)
303(2.500000e-16)
(9.000000e+00 6.000000e+00)
(2.000000e+00 8.000000e+00)
361(2.500000e-16)
(1.000000e+00 7.000000e+00)
732(2.500000e-16)
(3.000000e+00 1.000000e+00)
667(2.500000e-16)
(8.000000e+00 2.000000e+00)
701(2.500000e-16)
(2.000000e+00 5.000000e+00)
(7.000000e+00 4.000000e+00)
93(2.500000e-16)
541(2.500000e-16)
102(2.500000e-16)
686(2.500000e-16)
(5.000000e+00 9.000000e+00)
(6.000000e+00 1.000000e+01)
(4.000000e+00 6.000000e+00)
320(2.500000e-16)
(5.000000e+00 9.000000e+00)
(1.000000e+01 5.000000e+00)
184(2.500000e-16)
(8.000000e+00 8.000000e+00)
290(2.500000e-16)
(7.000000e+00 7.000000e+00)
593(2.500000e-16)
219(2.500000e-16)
(1.000000e+01 6.000000e+00)
(6.000000e+00 9.000000e+00)
595(2.500000e-16)
256(2.500000e-16)
(3.000000e+00 1.000000e+00)
(7.000000e+00 4.000000e+00)
798(2.500000e-16)
851(2.500000e-16)
(7.000000e+00 5.000000e+00)
369(2.500000e-16)
(1.000000e+01 9.000000e+00)
695(2.500000e-16)
294(2.500000e-16)
(5.000000e+00 7.000000e+00)
503(2.500000e-16)
(9.000000e+00 5.000000e+00)
132(2.500000e-16)
(4.000000e+00 4.000000e+00)
576(2.500000e-16)
(3.000000e+00 6.000000e+00)
381(2.500000e-16)
613(2.500000e-16)
(2.000000e+00 1.000000e+00)
(8.000000e+00 5.000000e+00)
(9.000000e+00 4.000000e+00)
109(2.500000e-16)
(2.000000e+00 5.000000e+00)
268(2.500000e-16)
(5.000000e+00 8.000000e+00)
920(2.500000e-16)
(3.000000e+00 8.000000e+00)
259(2.500000e-16)
(1.000000e+00 8.000000e+00)
(1.000000e+01 6.000000e+00)
250(2.500000e-16)
430(2.500000e-16)
(1.000000e+01 3.000000e+00)
(4.000000e+00 4.000000e+00)
899(2.500000e-16)
(7.000000e+00 9.000000e+00)
759(2.500000e-16)
(1.000000e+00 9.000000e+00)
366(2.500000e-16)
156(2.500000e-16)
7(2.500000e-16)
845(2.500000e-16)
(9.000000e+00 7.000000e+00)
(5.000000e+00 7.000000e+00)
(2.000000e+00 1.000000e+00)
192(2.500000e-16)
(1.000000e+00 1.000000e+00)
330(2.500000e-16)
217(2.500000e-16)
(7.000000e+00 9.000000e+00)
528(2.500000e-16)
(2.000000e+00 5.000000e+00)
(1.000000e+01 3.000000e+00)
188(2.500000e-16)
926(2.500000e-16)
71(2.500000e-16)
(1.000000e+00 2.000000e+00)
(1.000000e+00 8.000000e+00)
114(2.500000e-16)
(9.000000e+00 8.000000e+00)
(2.000000e+00 8.000000e+00)
(9.000000e+00 9.000000e+00)
59(2.500000e-16)
(4.000000e+00 1.000000e+01)
68(2.500000e-16)
(2.000000e+00 1.000000e+01)
16(2.500000e-16)
584(2.500000e-16)
840(2.500000e-16)
411(2.500000e-16)
339(2.500000e-16)
(4.000000e+00 6.000000e+00)
(1.000000e+00 5.000000e+00)
(2.000000e+00 1.000000e+01)
310(2.500000e-16)
(7.000000e+00 1.000000e+01)
(6.000000e+00 1.000000e+01)
(7.000000e+00 2.000000e+00)
957(2.500000e-16)
(6.000000e+00 1.000000e+01)
227(2.500000e-16)
726(2.500000e-16)
223(2.500000e-16)
(5.000000e+00 7.000000e+00)
713(2.500000e-16)
(2.000000e+00 6.000000e+00)
624(2.500000e-16)
(5.000000e+00 5.000000e+00)
(1.000000e+00 6.000000e+00)
(1.000000e+01 3.000000e+00)
148(2.500000e-16)
(5.000000e+00 1.000000e+00)
860(2.500000e-16)
773(2.500000e-16)
(6.000000e+00 8.000000e+00)
561(2.500000e-16)
(5.000000e+00 1.000000e+01)
(3.000000e+00 5.000000e+00)
244(2.500000e-16)
(1.000000e+01 8.000000e+00)
677(2.500000e-16)
(8.000000e+00 1.000000e+01)
326(2.500000e-16)
999(2.500000e-16)
(8.000000e+00 2.000000e+00)
(7.000000e+00 8.000000e+00)
176(2.500000e-16)
(8.000000e+00 6.000000e+00)
194(2.500000e-16)
814(2.500000e-16)
(3.000000e+00 1.000000e+01)
(1.000000e+01 5.000000e+00)
783(2.500000e-16)
243(2.500000e-16)
(9.000000e+00 1.000000e+01)
(2.000000e+00 7.000000e+00)
757(2.500000e-16)
260(2.500000e-16)
235(2.500000e-16)
(9.000000e+00 5.000000e+00)
675(2.500000e-16)
(7.000000e+00 6.000000e+00)
(7.000000e+00 1.000000e+00)
155(2.500000e-16)
(6.000000e+00 7.000000e+00)
239(2.500000e-16)
(2.000000e+00 1.000000e+01)
877(2.500000e-16)
(7.000000e+00 9.000000e+00)
211(2.500000e-16)
(5.000000e+00 2.000000e+00)
210(2.500000e-16)
(1.000000e+00 5.000000e+00)
(3.000000e+00 8.000000e+00)
621(2.500000e-16)
343(2.500000e-16)
(9.000000e+00 1.000000e+00)
(9.000000e+00 4.000000e+00)
846(2.500000e-16)
(1.000000e+00 2.000000e+00)
767(2.500000e-16)
(6.000000e+00 1.000000e+01)
498(2.500000e-16)
384(2.500000e-16)
(2.000000e+00 6.000000e+00)
(9.000000e+00 6.000000e+00)
874(2.500000e-16)
12(2.500000e-16)
26(2.500000e-16)
(5.000000e+00 1.000000e+00)
680(2.500000e-16)
(2.000000e+00 6.000000e+00)
911(2.500000e-16)
301(2.500000e-16)
(3.000000e+00 3.000000e+00)
882(2.500000e-16)
(5.000000e+00 6.000000e+00)
333(2.500000e-16)
(8.000000e+00 7.000000e+00)
(7.000000e+00 1.000000e+00)
(9.000000e+00 3.000000e+00)
(3.000000e+00 5.000000e+00)
212(2.500000e-16)
455(2.500000e-16)
(7.000000e+00 5.000000e+00)
472(2.500000e-16)
(9.000000e+00 6.000000e+00)
660(2.500000e-16)
(1.000000e+00 6.000000e+00)
(8.000000e+00 3.000000e+00)
857(2.500000e-16)
(3.000000e+00 1.000000e+00)
922(2.500000e-16)
(3.000000e+00 9.000000e+00)
830(2.500000e-16)
998(2.500000e-16)
(6.000000e+00 8.000000e+00)
(4.000000e+00 7.000000e+00)
996(2.500000e-16)
335(2.500000e-16)
111(2.500000e-16)
(5.000000e+00 8.000000e+00)
(5.000000e+00 1.000000e+00)
(3.000000e+00 5.000000e+00)
903(2.500000e-16)
801(2.500000e-16)
(4.000000e+00 5.000000e+00)
(9.000000e+00 3.000000e+00)
213(2.500000e-16)
(5.000000e+00 1.000000e+00)
770(2.500000e-16)
(1.000000e+00 4.000000e+00)
35(2.500000e-16)
(9.000000e+00 6.000000e+00)
953(2.500000e-16)
626(2.500000e-16)
(1.000000e+01 8.000000e+00)
279(2.500000e-16)
(1.000000e+00 6.000000e+00)
(3.000000e+00 1.000000e+01)
856(2.500000e-16)
788(2.500000e-16)
(8.000000e+00 2.000000e+00)
(8.000000e+00 1.000000e+00)
394(2.500000e-16)
(1.000000e+00 5.000000e+00)
446(2.500000e-16)
(5.000000e+00 5.000000e+00)
297(2.500000e-16)
126(2.500000e-16)
514(2.500000e-16)
(8.000000e+00 5.000000e+00)
(2.000000e+00 5.000000e+00)
545(2.500000e-16)
(8.000000e+00 1.000000e+01)
(6.000000e+00 6.000000e+00)
77(2.500000e-16)
679(2.500000e-16)
(6.000000e+00 6.000000e+00)
(5.000000e+00 6.000000e+00)
629(2.500000e-16)
(6.000000e+00 6.000000e+00)
409(2.500000e-16)
735(2.500000e-16)
(6.000000e+00 3.000000e+00)
(1.000000e+00 1.000000e+00)
703(2.500000e-16)
(4.000000e+00 8.000000e+00)
101(2.500000e-16)
(4.000000e+00 4.000000e+00)
171(2.500000e-16)
(8.000000e+00 5.000000e+00)
980(2.500000e-16)
(3.000000e+00 5.000000e+00)
533(2.500000e-16)
(1.000000e+00 1.000000e+01)
58(2.500000e-16)
422(2.500000e-16)
299(2.500000e-16)
(1.000000e+01 1.000000e+00)
614(2.500000e-16)
(7.000000e+00 4.000000e+00)
688(2.500000e-16)
(2.000000e+00 1.000000e+01)
(4.000000e+00 5.000000e+00)
(9.000000e+00 1.000000e+01)
577(2.500000e-16)
85(2.500000e-16)
414(2.500000e-16)
(3.000000e+00 4.000000e+00)
(4.000000e+00 5.000000e+00)
(3.000000e+00 1.000000e+01)
669(2.500000e-16)
666(2.500000e-16)
(4.000000e+00 6.000000e+00)
(7.000000e+00 1.000000e+00)
809(2.500000e-16)
288(2.500000e-16)
728(2.500000e-16)
318(2.500000e-16)
(1.000000e+01 4.000000e+00)
(3.000000e+00 9.000000e+00)
(5.000000e+00 8.000000e+00)
804(2.500000e-16)
304(2.500000e-16)
(3.000000e+00 5.000000e+00)
618(2.500000e-16)
(4.000000e+00 2.000000e+00)
641(2.500000e-16)
(7.000000e+00 7.000000e+00)
(5.000000e+00 6.000000e+00)
374(2.500000e-16)
(2.000000e+00 2.000000e+00)
(3.000000e+00 3.000000e+00)
983(2.500000e-16)
(6.000000e+00 1.000000e+01)
962(2.500000e-16)
835(2.500000e-16)
(8.000000e+00 6.000000e+00)
496(2.500000e-16)
(8.000000e+00 1.000000e+00)
(3.000000e+00 6.000000e+00)
876(2.500000e-16)
912(2.500000e-16)
(5.000000e+00 5.000000e+00)
(2.000000e+00 9.000000e+00)
280(2.500000e-16)
(8.000000e+00 7.000000e+00)
417(2.500000e-16)
588(2.500000e-16)
(1.000000e+01 2.000000e+00)
328(2.500000e-16)
944(2.500000e-16)
(1.000000e+00 2.000000e+00)
458(2.500000e-16)
(1.000000e+00 9.000000e+00)
(2.000000e+00 8.000000e+00)
(9.000000e+00 5.000000e+00)
324(2.500000e-16)
407(2.500000e-16)
372(2.500000e-16)
811(2.500000e-16)
(9.000000e+00 6.000000e+00)
598(2.500000e-16)
(2.000000e+00 5.000000e+00)
(6.000000e+00 1.000000e+00)
986(2.500000e-16)
29(2.500000e-16)
916(2.500000e-16)
(1.000000e+01 1.000000e+00)
515(2.500000e-16)
(5.000000e+00 9.000000e+00)
(4.000000e+00 8.000000e+00)
(6.000000e+00 8.000000e+00)
(8.000000e+00 9.000000e+00)
289(2.500000e-16)
291(2.500000e-16)
(9.000000e+00 8.000000e+00)
646(2.500000e-16)
917(2.500000e-16)
(6.000000e+00 6.000000e+00)
431(2.500000e-16)
(7.000000e+00 3.000000e+00)
(1.000000e+01 9.000000e+00)
(6.000000e+00 6.000000e+00)
293(2.500000e-16)
(9.000000e+00 9.000000e+00)
229(2.500000e-16)
435(2.500000e-16)
(8.000000e+00 2.000000e+00)
(1.000000e+01 8.000000e+00)
563(2.500000e-16)
(1.000000e+00 4.000000e+00)
(7.000000e+00 3.000000e+00)
566(2.500000e-16)
(1.000000e+00 3.000000e+00)
205(2.500000e-16)
(4.000000e+00 2.000000e+00)
991(2.500000e-16)
(3.000000e+00 5.000000e+00)
492(2.500000e-16)
836(2.500000e-16)
247(2.500000e-16)
793(2.500000e-16)
(7.000000e+00 1.000000e+00)
(9.000000e+00 6.000000e+00)
(7.000000e+00 7.000000e+00)
55(2.500000e-16)
497(2.500000e-16)
177(2.500000e-16)
(1.000000e+01 8.000000e+00)
623(2.500000e-16)
(3.000000e+00 2.000000e+00)
(6.000000e+00 5.000000e+00)
302(2.500000e-16)
591(2.500000e-16)
(6.000000e+00 6.000000e+00)
(8.000000e+00 8.000000e+00)
(8.000000e+00 3.000000e+00)
(1.000000e+01 7.000000e+00)
556(2.500000e-16)
(5.000000e+00 7.000000e+00)
283(2.500000e-16)
799(2.500000e-16)
961(2.500000e-16)
750(2.500000e-16)
(9.000000e+00 8.000000e+00)
982(2.500000e-16)
(2.000000e+00 1.000000e+00)
990(2.500000e-16)
(9.000000e+00 9.000000e+00)
(4.000000e+00 5.000000e+00)
(1.000000e+01 2.000000e+00)
(4.000000e+00 1.000000e+00)
662(2.500000e-16)
(8.000000e+00 7.000000e+00)
762(2.500000e-16)
716(2.500000e-16)
(1.000000e+00 7.000000e+00)
601(2.500000e-16)
63(2.500000e-16)
(1.000000e+00 8.000000e+00)
960(2.500000e-16)
(3.000000e+00 3.000000e+00)
(6.000000e+00 4.000000e+00)
(1.000000e+00 1.000000e+01)
154(2.500000e-16)
(1.000000e+01 9.000000e+00)
589(2.500000e-16)
202(2.500000e-16)
428(2.500000e-16)
(9.000000e+00 4.000000e+00)
370(2.500000e-16)
494(2.500000e-16)
(6.000000e+00 6.000000e+00)
(2.000000e+00 9.000000e+00)
70(2.500000e-16)
(9.000000e+00 6.000000e+00)
(8.000000e+00 1.000000e+01)
(1.000000e+01 5.000000e+00)
594(2.500000e-16)
39(2.500000e-16)
970(2.500000e-16)
240(2.500000e-16)
(9.000000e+00 5.000000e+00)
(4.000000e+00 9.000000e+00)
942(2.500000e-16)
815(2.500000e-16)
215(2.500000e-16)
(6.000000e+00 3.000000e+00)
(1.000000e+00 9.000000e+00)
(3.000000e+00 1.000000e+01)
(4.000000e+00 5.000000e+00)
(4.000000e+00 1.000000e+00)
702(2.500000e-16)
(9.000000e+00 7.000000e+00)
580(2.500000e-16)
(6.000000e+00 5.000000e+00)
554(2.500000e-16)
(1.000000e+01 1.000000e+00)
945(2.500000e-16)
(6.000000e+00 6.000000e+00)
236(2.500000e-16)
454(2.500000e-16)
(2.000000e+00 7.000000e+00)
(6.000000e+00 7.000000e+00)
705(2.500000e-16)
(9.000000e+00 9.000000e+00)
314(2.500000e-16)
(4.000000e+00 1.000000e+01)
791(2.500000e-16)
(5.000000e+00 1.000000e+01)
450(2.500000e-16)
(4.000000e+00 9.000000e+00)
78(2.500000e-16)
844(2.500000e-16)
84(2.500000e-16)
(8.000000e+00 2.000000e+00)
(1.000000e+00 8.000000e+00)
(1.000000e+01 6.000000e+00)
112(2.500000e-16)
(3.000000e+00 1.000000e+01)
569(2.500000e-16)
281(2.500000e-16)
(4.000000e+00 1.000000e+01)
(6.000000e+00 7.000000e+00)
359(2.500000e-16)
(2.000000e+00 9.000000e+00)
869(2.500000e-16)
(3.000000e+00 1.000000e+00)
915(2.500000e-16)
(7.000000e+00 6.000000e+00)
54(2.500000e-16)
847(2.500000e-16)
60(2.500000e-16)
(9.000000e+00 3.000000e+00)
(8.000000e+00 9.000000e+00)
(5.000000e+00 9.000000e+00)
179(2.500000e-16)
966(2.500000e-16)
336(2.500000e-16)
779(2.500000e-16)
(3.000000e+00 9.000000e+00)
772(2.500000e-16)
(6.000000e+00 6.000000e+00)
(1.000000e+00 5.000000e+00)
(4.000000e+00 9.000000e+00)
933(2.500000e-16)
(1.000000e+00 3.000000e+00)
(1.000000e+00 6.000000e+00)
262(2.500000e-16)
796(2.500000e-16)
968(2.500000e-16)
(3.000000e+00 4.000000e+00)
(5.000000e+00 8.000000e+00)
353(2.500000e-16)
(5.000000e+00 9.000000e+00)
(4.000000e+00 1.000000e+00)
317(2.500000e-16)
(1.000000e+01 3.000000e+00)
824(2.500000e-16)
(2.000000e+00 2.000000e+00)
429(2.500000e-16)
118(2.500000e-16)
(7.000000e+00 8.000000e+00)
(4.000000e+00 3.000000e+00)
829(2.500000e-16)
619(2.500000e-16)
(1.000000e+01 7.000000e+00)
478(2.500000e-16)
284(2.500000e-16)
(3.000000e+00 5.000000e+00)
399(2.500000e-16)
(7.000000e+00 1.000000e+01)
(3.000000e+00 5.000000e+00)
4(2.500000e-16)
(3.000000e+00 1.000000e+00)
198(2.500000e-16)
(4.000000e+00 2.000000e+00)
437(2.500000e-16)
(7.000000e+00 1.000000e+00)
943(2.500000e-16)
(3.000000e+00 7.000000e+00)
826(2.500000e-16)
175(2.500000e-16)
(1.000000e+01 6.000000e+00)
448(2.500000e-16)
880(2.500000e-16)
(9.000000e+00 8.000000e+00)
(1.000000e+01 3.000000e+00)
(8.000000e+00 9.000000e+00)
(1.000000e+00 9.000000e+00)
315(2.500000e-16)
200(2.500000e-16)
(9.000000e+00 6.000000e+00)
457(2.500000e-16)
727(2.500000e-16)
766(2.500000e-16)
(1.000000e+00 2.000000e+00)
(9.000000e+00 7.000000e+00)
684(2.500000e-16)
739(2.500000e-16)
900(2.500000e-16)
(8.000000e+00 6.000000e+00)
722(2.500000e-16)
(1.000000e+01 8.000000e+00)
508(2.500000e-16)
(4.000000e+00 4.000000e+00)
(8.000000e+00 5.000000e+00)
(1.000000e+00 3.000000e+00)
(3.000000e+00 4.000000e+00)
439(2.500000e-16)
349(2.500000e-16)
95(2.500000e-16)
(5.000000e+00 4.000000e+00)
939(2.500000e-16)
(2.000000e+00 5.000000e+00)
(7.000000e+00 8.000000e+00)
(9.000000e+00 6.000000e+00)
711(2.500000e-16)
(3.000000e+00 9.000000e+00)
(5.000000e+00 1.000000e+00)
57(2.500000e-16)
1000(2.500000e-16)
(8.000000e+00 5.000000e+00)
993(2.500000e-16)
323(2.500000e-16)
(8.000000e+00 9.000000e+00)
935(2.500000e-16)
(1.000000e+01 1.000000e+00)
160(2.500000e-16)
(4.000000e+00 8.000000e+00)
(5.000000e+00 9.000000e+00)
(9.000000e+00 1.000000e+01)
122(2.500000e-16)
(9.000000e+00 9.000000e+00)
264(2.500000e-16)
997(2.500000e-16)
(9.000000e+00 6.000000e+00)
(4.000000e+00 4.000000e+00)
731(2.500000e-16)
952(2.500000e-16)
45(2.500000e-16)
(1.000000e+00 6.000000e+00)
(6.000000e+00 4.000000e+00)
(1.000000e+01 1.000000e+00)
131(2.500000e-16)
(3.000000e+00 3.000000e+00)
307(2.500000e-16)
(6.000000e+00 3.000000e+00)
501(2.500000e-16)
(9.000000e+00 8.000000e+00)
251(2.500000e-16)
181(2.500000e-16)
(7.000000e+00 2.000000e+00)
(3.000000e+00 9.000000e+00)
64(2.500000e-16)
(2.000000e+00 7.000000e+00)
520(2.500000e-16)
66(2.500000e-16)
(7.000000e+00 2.000000e+00)
263(2.500000e-16)
984(2.500000e-16)
(3.000000e+00 7.000000e+00)
(9.000000e+00 1.000000e+00)
341(2.500000e-16)
(8.000000e+00 1.000000e+00)
(4.000000e+00 6.000000e+00)
42(2.500000e-16)
(2.000000e+00 5.000000e+00)
221(2.500000e-16)
(4.000000e+00 4.000000e+00)
432(2.500000e-16)
878(2.500000e-16)
(2.000000e+00 1.000000e+01)
334(2.500000e-16)
607(2.500000e-16)
(6.000000e+00 1.000000e+00)
(6.000000e+00 4.000000e+00)
408(2.500000e-16)
(9.000000e+00 8.000000e+00)
481(2.500000e-16)
(5.000000e+00 7.000000e+00)
(6.000000e+00 9.000000e+00)
376(2.500000e-16)
144(2.500000e-16)
(3.000000e+00 5.000000e+00)
(6.000000e+00 9.000000e+00)
47(2.500000e-16)
720(2.500000e-16)
(5.000000e+00 3.000000e+00)
(3.000000e+00 1.000000e+00)
392(2.500000e-16)
(1.000000e+01 9.000000e+00)
700(2.500000e-16)
80(2.500000e-16)
(4.000000e+00 1.000000e+01)
(2.000000e+00 2.000000e+00)
692(2.500000e-16)
(1.000000e+01 1.000000e+01)
958(2.500000e-16)
(3.000000e+00 7.000000e+00)
866(2.500000e-16)
(3.000000e+00 5.000000e+00)
382(2.500000e-16)
687(2.500000e-16)
(7.000000e+00 8.000000e+00)
(1.000000e+00 2.000000e+00)
778(2.500000e-16)
(4.000000e+00 2.000000e+00)
445(2.500000e-16)
(9.000000e+00 1.000000e+00)
995(2.500000e-16)
(4.000000e+00 8.000000e+00)
719(2.500000e-16)
907(2.500000e-16)
167(2.500000e-16)
517(2.500000e-16)
(9.000000e+00 9.000000e+00)
(1.000000e+01 1.000000e+00)
(8.000000e+00 5.000000e+00)
(6.000000e+00 6.000000e+00)
406(2.500000e-16)
(8.000000e+00 5.000000e+00)
706(2.500000e-16)
892(2.500000e-16)
(9.000000e+00 3.000000e+00)
(6.000000e+00 8.000000e+00)
636(2.500000e-16)
(7.000000e+00 4.000000e+00)
616(2.500000e-16)
158(2.500000e-16)
1(2.500000e-16)
(6.000000e+00 3.000000e+00)
685(2.500000e-16)
(3.000000e+00 2.000000e+00)
(2.000000e+00 2.000000e+00)
15(2.500000e-16)
(6.000000e+00 1.000000e+00)
502(2.500000e-16)
(5.000000e+00 4.000000e+00)
385(2.500000e-16)
884(2.500000e-16)
(6.000000e+00 5.000000e+00)
358(2.500000e-16)
(1.000000e+00 9.000000e+00)
(9.000000e+00 1.000000e+01)
(4.000000e+00 1.000000e+00)
426(2.500000e-16)
(1.000000e+00 2.000000e+00)
180(2.500000e-16)
49(2.500000e-16)
(1.000000e+00 2.000000e+00)
(1.000000e+01 2.000000e+00)
267(2.500000e-16)
(8.000000e+00 1.000000e+00)
631(2.500000e-16)
237(2.500000e-16)
(9.000000e+00 1.000000e+00)
521(2.500000e-16)
124(2.500000e-16)
(2.000000e+00 9.000000e+00)
(4.000000e+00 1.000000e+00)
(4.000000e+00 3.000000e+00)
951(2.500000e-16)
51(2.500000e-16)
(1.000000e+01 8.000000e+00)
419(2.500000e-16)
(5.000000e+00 9.000000e+00)
(5.000000e+00 3.000000e+00)
274(2.500000e-16)
285(2.500000e-16)
(5.000000e+00 3.000000e+00)
526(2.500000e-16)
717(2.500000e-16)
(6.000000e+00 9.000000e+00)
(4.000000e+00 8.000000e+00)
(1.000000e+00 8.000000e+00)
232(2.500000e-16)
(5.000000e+00 8.000000e+00)
249(2.500000e-16)
(5.000000e+00 4.000000e+00)
75(2.500000e-16)
(1.000000e+00 3.000000e+00)
948(2.500000e-16)
898(2.500000e-16)
(9.000000e+00 2.000000e+00)
(8.000000e+00 2.000000e+00)
645(2.500000e-16)
69(2.500000e-16)
668(2.500000e-16)
(1.000000e+01 7.000000e+00)
416(2.500000e-16)
(3.000000e+00 9.000000e+00)
(3.000000e+00 1.000000e+00)
823(2.500000e-16)
(8.000000e+00 5.000000e+00)
(9.000000e+00 4.000000e+00)
245(2.500000e-16)
(8.000000e+00 1.000000e+00)
608(2.500000e-16)
887(2.500000e-16)
(1.000000e+00 9.000000e+00)
(1.000000e+01 1.000000e+01)
485(2.500000e-16)
(8.000000e+00 5.000000e+00)
396(2.500000e-16)
(1.000000e+00 9.000000e+00)
308(2.500000e-16)
774(2.500000e-16)
(5.000000e+00 5.000000e+00)
653(2.500000e-16)
(6.000000e+00 5.000000e+00)
(2.000000e+00 6.000000e+00)
837(2.500000e-16)
(4.000000e+00 4.000000e+00)
162(2.500000e-16)
460(2.500000e-16)
525(2.500000e-16)
225(2.500000e-16)
(1.000000e+01 5.000000e+00)
325(2.500000e-16)
(1.000000e+01 4.000000e+00)
605(2.500000e-16)
(7.000000e+00 5.000000e+00)
(6.000000e+00 1.000000e+01)
(1.000000e+01 8.000000e+00)
(2.000000e+00 9.000000e+00)
206(2.500000e-16)
(1.000000e+00 6.000000e+00)
449(2.500000e-16)
746(2.500000e-16)
150(2.500000e-16)
135(2.500000e-16)
(2.000000e+00 5.000000e+00)
172(2.500000e-16)
(5.000000e+00 9.000000e+00)
329(2.500000e-16)
654(2.500000e-16)
(1.000000e+01 2.000000e+00)
587(2.500000e-16)
(6.000000e+00 8.000000e+00)
(9.000000e+00 5.000000e+00)
(1.000000e+01 1.000000e+00)
(2.000000e+00 3.000000e+00)
(4.000000e+00 1.000000e+00)
161(2.500000e-16)
611(2.500000e-16)
(2.000000e+00 1.000000e+01)
810(2.500000e-16)
758(2.500000e-16)
(2.000000e+00 6.000000e+00)
452(2.500000e-16)
464(2.500000e-16)
352(2.500000e-16)
(8.000000e+00 8.000000e+00)
(8.000000e+00 6.000000e+00)
(3.000000e+00 2.000000e+00)
(1.000000e+00 4.000000e+00)
838(2.500000e-16)
134(2.500000e-16)
634(2.500000e-16)
(8.000000e+00 8.000000e+00)
742(2.500000e-16)
(1.000000e+00 6.000000e+00)
(5.000000e+00 3.000000e+00)
883(2.500000e-16)
(5.000000e+00 3.000000e+00)
(9.000000e+00 4.000000e+00)
976(2.500000e-16)
(4.000000e+00 5.000000e+00)
(6.000000e+00 9.000000e+00)
74(2.500000e-16)
(2.000000e+00 5.000000e+00)
905(2.500000e-16)
617(2.500000e-16)
(1.000000e+00 1.000000e+00)
(2.000000e+00 2.000000e+00)
46(2.500000e-16)
612(2.500000e-16)
(2.000000e+00 6.000000e+00)
253(2.500000e-16)
(8.000000e+00 6.000000e+00)
(2.000000e+00 9.000000e+00)
277(2.500000e-16)
549(2.500000e-16)
(6.000000e+00 3.000000e+00)
(6.000000e+00 4.000000e+00)
579(2.500000e-16)
393(2.500000e-16)
(7.000000e+00 8.000000e+00)
(9.000000e+00 4.000000e+00)
31(2.500000e-16)
197(2.500000e-16)
(8.000000e+00 1.000000e+01)
(1.000000e+00 2.000000e+00)
20(2.500000e-16)
(5.000000e+00 5.000000e+00)
690(2.500000e-16)
287(2.500000e-16)
(8.000000e+00 3.000000e+00)
(7.000000e+00 1.000000e+01)
207(2.500000e-16)
(1.000000e+00 5.000000e+00)
904(2.500000e-16)
(7.000000e+00 2.000000e+00)
597(2.500000e-16)
(4.000000e+00 8.000000e+00)
622(2.500000e-16)
889(2.500000e-16)
786(2.500000e-16)
(6.000000e+00 6.000000e+00)
138(2.500000e-16)
(8.000000e+00 3.000000e+00)
90(2.500000e-16)
(4.000000e+00 6.000000e+00)
(1.000000e+01 8.000000e+00)
(5.000000e+00 7.000000e+00)
928(2.500000e-16)
(4.000000e+00 7.000000e+00)
817(2.500000e-16)
(1.000000e+00 1.000000e+01)
729(2.500000e-16)
(9.000000e+00 4.000000e+00)
812(2.500000e-16)
906(2.500000e-16)
(5.000000e+00 9.000000e+00)
(1.000000e+00 3.000000e+00)
139(2.500000e-16)
(4.000000e+00 5.000000e+00)
529(2.500000e-16)
252(2.500000e-16)
(5.000000e+00 1.000000e+00)
321(2.500000e-16)
(1.000000e+01 5.000000e+00)
910(2.500000e-16)
487(2.500000e-16)
(8.000000e+00 2.000000e+00)
(9.000000e+00 4.000000e+00)
(7.000000e+00 3.000000e+00)
752(2.500000e-16)
875(2.500000e-16)
(7.000000e+00 6.000000e+00)
278(2.500000e-16)
(4.000000e+00 9.000000e+00)
403(2.500000e-16)
(1.000000e+01 5.000000e+00)
(3.000000e+00 4.000000e+00)
914(2.500000e-16)
309(2.500000e-16)
(9.000000e+00 1.000000e+00)
(1.000000e+01 3.000000e+00)
785(2.500000e-16)
(9.000000e+00 8.000000e+00)
854(2.500000e-16)
(3.000000e+00 1.000000e+01)
673(2.500000e-16)
(7.000000e+00 3.000000e+00)
578(2.500000e-16)
(8.000000e+00 6.000000e+00)
216(2.500000e-16)
(8.000000e+00 1.000000e+01)
421(2.500000e-16)
863(2.500000e-16)
(6.000000e+00 8.000000e+00)
560(2.500000e-16)
(1.000000e+01 2.000000e+00)
698(2.500000e-16)
(6.000000e+00 5.000000e+00)
402(2.500000e-16)
468(2.500000e-16)
(1.000000e+00 8.000000e+00)
639(2.500000e-16)
(1.000000e+00 6.000000e+00)
(5.000000e+00 1.000000e+00)
885(2.500000e-16)
(5.000000e+00 4.000000e+00)
(8.000000e+00 3.000000e+00)
827(2.500000e-16)
(2.000000e+00 1.000000e+01)
638(2.500000e-16)
296(2.500000e-16)
(8.000000e+00 5.000000e+00)
(9.000000e+00 7.000000e+00)
527(2.500000e-16)
637(2.500000e-16)
806(2.500000e-16)
(6.000000e+00 4.000000e+00)
174(2.500000e-16)
(2.000000e+00 8.000000e+00)
347(2.500000e-16)
123(2.500000e-16)
(7.000000e+00 4.000000e+00)
(1.000000e+00 4.000000e+00)
(8.000000e+00 4.000000e+00)
776(2.500000e-16)
(2.000000e+00 6.000000e+00)
938(2.500000e-16)
(9.000000e+00 6.000000e+00)
(2.000000e+00 7.000000e+00)
657(2.500000e-16)
(2.000000e+00 3.000000e+00)
707(2.500000e-16)
710(2.500000e-16)
(6.000000e+00 6.000000e+00)
743(2.500000e-16)
571(2.500000e-16)
(6.000000e+00 3.000000e+00)
564(2.500000e-16)
300(2.500000e-16)
(3.000000e+00 6.000000e+00)
(6.000000e+00 5.000000e+00)
(8.000000e+00 4.000000e+00)
105(2.500000e-16)
(5.000000e+00 5.000000e+00)
(6.000000e+00 9.000000e+00)
547(2.500000e-16)
214(2.500000e-16)
(9.000000e+00 1.000000e+01)
362(2.500000e-16)
418(2.500000e-16)
(5.000000e+00 1.000000e+00)
(1.000000e+01 5.000000e+00)
(4.000000e+00 7.000000e+00)
489(2.500000e-16)
8(2.500000e-16)
559(2.500000e-16)
(4.000000e+00 7.000000e+00)
(2.000000e+00 3.000000e+00)
338(2.500000e-16)
(2.000000e+00 5.000000e+00)
(1.000000e+01 1.000000e+01)
661(2.500000e-16)
(1.000000e+01 4.000000e+00)
839(2.500000e-16)
(2.000000e+00 5.000000e+00)
925(2.500000e-16)
784(2.500000e-16)
(1.000000e+01 3.000000e+00)
447(2.500000e-16)
(9.000000e+00 5.000000e+00)
(5.000000e+00 6.000000e+00)
222(2.500000e-16)
425(2.500000e-16)
(1.000000e+00 9.000000e+00)
(7.000000e+00 2.000000e+00)
600(2.500000e-16)
(8.000000e+00 1.000000e+00)
891(2.500000e-16)
(3.000000e+00 8.000000e+00)
932(2.500000e-16)
896(2.500000e-16)
965(2.500000e-16)
(5.000000e+00 1.000000e+01)
(9.000000e+00 2.000000e+00)
110(2.500000e-16)
438(2.500000e-16)
(9.000000e+00 7.000000e+00)
831(2.500000e-16)
(4.000000e+00 8.000000e+00)
14(2.500000e-16)
(4.000000e+00 4.000000e+00)
(6.000000e+00 2.000000e+00)
209(2.500000e-16)
929(2.500000e-16)
405(2.500000e-16)
(1.000000e+00 9.000000e+00)
166(2.500000e-16)
(5.000000e+00 2.000000e+00)
(3.000000e+00 6.000000e+00)
656(2.500000e-16)
808(2.500000e-16)
(4.000000e+00 7.000000e+00)
(5.000000e+00 7.000000e+00)
659(2.500000e-16)
(6.000000e+00 1.000000e+01)
(9.000000e+00 1.000000e+01)
104(2.500000e-16)
(9.000000e+00 8.000000e+00)
486(2.500000e-16)
(8.000000e+00 4.000000e+00)
87(2.500000e-16)
(5.000000e+00 6.000000e+00)
941(2.500000e-16)
(4.000000e+00 5.000000e+00)
(2.000000e+00 1.000000e+01)
562(2.500000e-16)
(8.000000e+00 1.000000e+00)
357(2.500000e-16)
(7.000000e+00 9.000000e+00)
442(2.500000e-16)
(8.000000e+00 1.000000e+01)
931(2.500000e-16)
(5.000000e+00 7.000000e+00)
592(2.500000e-16)
(5.000000e+00 1.000000e+00)
387(2.500000e-16)
196(2.500000e-16)
(2.000000e+00 7.000000e+00)
377(2.500000e-16)
923(2.500000e-16)
(9.000000e+00 8.000000e+00)
(7.000000e+00 6.000000e+00)
(1.000000e+01 8.000000e+00)
295(2.500000e-16)
888(2.500000e-16)
647(2.500000e-16)
(2.000000e+00 9.000000e+00)
218(2.500000e-16)
551(2.500000e-16)
368(2.500000e-16)
459(2.500000e-16)
(1.000000e+01 1.000000e+01)
(6.000000e+00 7.000000e+00)
(3.000000e+00 3.000000e+00)
(6.000000e+00 2.000000e+00)
572(2.500000e-16)
(4.000000e+00 7.000000e+00)
(4.000000e+00 8.000000e+00)
(6.000000e+00 7.000000e+00)
510(2.500000e-16)
740(2.500000e-16)
(8.000000e+00 7.000000e+00)
50(2.500000e-16)
(4.000000e+00 8.000000e+00)
444(2.500000e-16)
(8.000000e+00 1.000000e+01)
152(2.500000e-16)
(1.000000e+01 2.000000e+00)
412(2.500000e-16)
(4.000000e+00 1.000000e+01)
276(2.500000e-16)
(1.000000e+01 4.000000e+00)
282(2.500000e-16)
(3.000000e+00 5.000000e+00)
306(2.500000e-16)
9(2.500000e-16)
886(2.500000e-16)
(4.000000e+00 2.000000e+00)
(4.000000e+00 9.000000e+00)
(1.000000e+01 2.000000e+00)
(2.000000e+00 8.000000e+00)
427(2.500000e-16)
(6.000000e+00 5.000000e+00)
633(2.500000e-16)
671(2.500000e-16)
(8.000000e+00 2.000000e+00)
(9.000000e+00 1.000000e+00)
469(2.500000e-16)
183(2.500000e-16)
(2.000000e+00 1.000000e+00)
178(2.500000e-16)
(4.000000e+00 2.000000e+00)
344(2.500000e-16)
(2.000000e+00 6.000000e+00)
(8.000000e+00 8.000000e+00)
715(2.500000e-16)
97(2.500000e-16)
672(2.500000e-16)
(1.000000e+00 5.000000e+00)
322(2.500000e-16)
(9.000000e+00 1.000000e+00)
500(2.500000e-16)
(1.000000e+01 5.000000e+00)
(1.000000e+00 3.000000e+00)
173(2.500000e-16)
(5.000000e+00 1.000000e+00)
(9.000000e+00 9.000000e+00)
583(2.500000e-16)
(1.000000e+00 8.000000e+00)
400(2.500000e-16)
(3.000000e+00 3.000000e+00)
241(2.500000e-16)
567(2.500000e-16)
(7.000000e+00 9.000000e+00)
137(2.500000e-16)
474(2.500000e-16)
(8.000000e+00 1.000000e+00)
(6.000000e+00 1.000000e+01)
749(2.500000e-16)
(5.000000e+00 7.000000e+00)
269(2.500000e-16)
(2.000000e+00 9.000000e+00)
(4.000000e+00 2.000000e+00)
950(2.500000e-16)
(6.000000e+00 2.000000e+00)
466(2.500000e-16)
312(2.500000e-16)
(1.000000e+00 2.000000e+00)
24(2.500000e-16)
748(2.500000e-16)
849(2.500000e-16)
(4.000000e+00 4.000000e+00)
913(2.500000e-16)
(9.000000e+00 5.000000e+00)
(1.000000e+01 3.000000e+00)
(1.000000e+00 8.000000e+00)
532(2.500000e-16)
(2.000000e+00 3.000000e+00)
(2.000000e+00 9.000000e+00)
553(2.500000e-16)
(9.000000e+00 6.000000e+00)
365(2.500000e-16)
(9.000000e+00 1.000000e+01)
28(2.500000e-16)
602(2.500000e-16)
(1.000000e+00 2.000000e+00)
(1.000000e+01 2.000000e+00)
803(2.500000e-16)
(8.000000e+00 9.000000e+00)
441(2.500000e-16)
(9.000000e+00 1.000000e+01)
88(2.500000e-16)
(3.000000e+00 9.000000e+00)
470(2.500000e-16)
(2.000000e+00 8.000000e+00)
337(2.500000e-16)
(4.000000e+00 7.000000e+00)
604(2.500000e-16)
(5.000000e+00 5.000000e+00)
168(2.500000e-16)
(6.000000e+00 1.000000e+01)
893(2.500000e-16)
(3.000000e+00 1.000000e+00)
511(2.500000e-16)
737(2.500000e-16)
313(2.500000e-16)
792(2.500000e-16)
(6.000000e+00 6.000000e+00)
395(2.500000e-16)
(1.000000e+01 6.000000e+00)
(1.000000e+01 7.000000e+00)
(5.000000e+00 7.000000e+00)
858(2.500000e-16)
(8.000000e+00 5.000000e+00)
81(2.500000e-16)
(5.000000e+00 2.000000e+00)
6(2.500000e-16)
(2.000000e+00 9.000000e+00)
477(2.500000e-16)
(7.000000e+00 1.000000e+00)
(6.000000e+00 1.000000e+01)
867(2.500000e-16)
89(2.500000e-16)
386(2.500000e-16)
(2.000000e+00 1.000000e+00)
142(2.500000e-16)
(5.000000e+00 7.000000e+00)
(8.000000e+00 4.000000e+00)
894(2.500000e-16)
30(2.500000e-16)
(7.000000e+00 9.000000e+00)
(7.000000e+00 5.000000e+00)
(1.000000e+00 8.000000e+00)
136(2.500000e-16)
185(2.500000e-16)
(2.000000e+00 1.000000e+00)
62(2.500000e-16)
(3.000000e+00 5.000000e+00)
270(2.500000e-16)
(9.000000e+00 3.000000e+00)
(9.000000e+00 5.000000e+00)
